#format: name ra_d dec_d i spi freq0 emaj_s emin_s pa_d
J0 0.325918 -29.729091 0.000270 -0.700000 1420000000.000000 8.942232 8.938134 45.652360
J1 -0.011151 -30.405779 0.000360 -0.700000 1420000000.000000 9.802497 8.614298 62.923851
J2 -0.235345 -30.026540 0.000380 -0.700000 1420000000.000000 6.680030 5.042693 160.772377
J3 -0.073910 -30.408140 0.000422 -0.700000 1420000000.000000 6.623144 5.030698 79.246258
J4 -0.457104 -30.304534 0.000427 -0.700000 1420000000.000000 8.244722 7.688531 64.437923
J5 0.165598 -29.817826 0.000432 -0.700000 1420000000.000000 9.558508 8.762433 9.353833
J6 -0.135948 -30.377606 0.000459 -0.700000 1420000000.000000 9.750903 5.210055 82.607108
J7 0.205992 -30.083373 0.000480 -0.700000 1420000000.000000 7.879236 6.934473 40.351202
J8 -0.424302 -30.139761 0.000485 -0.700000 1420000000.000000 9.062802 7.115880 95.533908
J9 -0.103921 -29.748609 0.000516 -0.700000 1420000000.000000 7.777616 6.222576 57.573061
J10 -0.444170 -30.320364 0.000523 -0.700000 1420000000.000000 9.486270 6.428918 41.158095
J11 -0.185681 -29.737623 0.000558 -0.700000 1420000000.000000 6.969896 6.585530 148.375827
J12 0.484728 -29.634416 0.000583 -0.700000 1420000000.000000 8.096357 7.979084 88.564843
J13 0.437782 -29.881142 0.000587 -0.700000 1420000000.000000 7.544172 6.424910 12.153705
J14 0.321014 -30.208973 0.000696 -0.700000 1420000000.000000 9.585957 5.325458 33.830328
J15 0.416841 -29.753544 0.000762 -0.700000 1420000000.000000 9.445991 9.407055 112.070244
J16 0.124919 -29.895688 0.000779 -0.700000 1420000000.000000 6.625031 6.212257 168.644064
J17 -0.110980 -30.333861 0.000784 -0.700000 1420000000.000000 8.460187 5.622403 151.715209
J18 0.084994 -30.361922 0.000822 -0.700000 1420000000.000000 7.628028 7.431612 50.056115
J19 -0.299145 -30.194545 0.000914 -0.700000 1420000000.000000 9.607968 9.555763 131.295168
J20 0.155408 -29.734677 0.000929 -0.700000 1420000000.000000 8.361989 6.819883 39.361478
J21 0.194788 -29.922606 0.000970 -0.700000 1420000000.000000 9.200731 6.663818 26.107208
J22 -0.440367 -30.359102 0.001017 -0.700000 1420000000.000000 8.725303 6.872769 64.628523
J23 -0.152832 -30.117135 0.001110 -0.700000 1420000000.000000 7.500609 5.306156 9.208384
J24 -0.433875 -30.427489 0.001180 -0.700000 1420000000.000000 8.460241 7.688788 99.403622
J25 0.327328 -29.877098 0.001230 -0.700000 1420000000.000000 9.768409 8.978756 2.021597
J26 0.472466 -30.144132 0.001256 -0.700000 1420000000.000000 9.575116 9.341502 44.935188
J27 0.412287 -30.088931 0.001349 -0.700000 1420000000.000000 9.484296 5.418973 15.358902
J28 -0.339403 -30.088879 0.001389 -0.700000 1420000000.000000 7.127541 5.583716 138.083828
J29 0.177834 -29.874264 0.001441 -0.700000 1420000000.000000 6.375444 6.105290 63.853855
J30 0.021961 -29.578662 0.001455 -0.700000 1420000000.000000 9.798272 5.361486 135.062651
J31 0.197495 -29.887915 0.001504 -0.700000 1420000000.000000 9.556956 6.441796 62.050654
J32 -0.291290 -30.440452 0.001536 -0.700000 1420000000.000000 8.883787 5.663724 16.677700
J33 0.298622 -30.408181 0.001568 -0.700000 1420000000.000000 7.593796 7.213458 72.760990
J34 -0.239517 -29.612374 0.001584 -0.700000 1420000000.000000 9.954445 8.239990 83.506118
J35 0.080219 -30.287235 0.001614 -0.700000 1420000000.000000 9.306170 7.747236 173.509016
J36 -0.467881 -29.779536 0.001689 -0.700000 1420000000.000000 6.345260 5.568519 122.350703
J37 -0.200480 -29.941014 0.001718 -0.700000 1420000000.000000 6.919989 6.152207 62.201883
J38 -0.466319 -29.941811 0.001772 -0.700000 1420000000.000000 8.738265 7.100863 66.093484
J39 0.489871 -29.992691 0.001781 -0.700000 1420000000.000000 8.081525 6.231737 160.198358
J40 -0.279277 -30.187446 0.001814 -0.700000 1420000000.000000 9.532750 6.871633 115.223003
J41 0.300809 -29.861336 0.001978 -0.700000 1420000000.000000 7.651805 6.277532 159.908055
J42 0.216118 -29.754395 0.001997 -0.700000 1420000000.000000 9.380290 5.830405 45.428812
J43 0.400163 -29.523489 0.002025 -0.700000 1420000000.000000 9.634201 8.578472 74.061781
J44 0.263660 -29.992074 0.002094 -0.700000 1420000000.000000 9.040119 8.255244 157.856948
J45 -0.004469 -30.103113 0.002097 -0.700000 1420000000.000000 7.894507 6.768622 4.881102
J46 0.452534 -30.411854 0.002200 -0.700000 1420000000.000000 6.950444 6.409245 169.949492
J47 0.325539 -29.879245 0.002215 -0.700000 1420000000.000000 6.552994 6.307789 67.942638
J48 -0.274962 -30.410908 0.002236 -0.700000 1420000000.000000 9.618020 5.187769 34.804640
J49 0.155671 -30.064877 0.002340 -0.700000 1420000000.000000 9.885162 9.650531 41.079894
J50 -0.379548 -30.265508 0.002342 -0.700000 1420000000.000000 7.178018 5.654241 113.227471
J51 0.151745 -29.882136 0.002419 -0.700000 1420000000.000000 8.225326 5.034039 51.700153
J52 -0.043506 -29.877010 0.002443 -0.700000 1420000000.000000 9.846425 5.234105 77.369908
J53 -0.106470 -30.458056 0.002513 -0.700000 1420000000.000000 6.180110 5.896850 8.000897
J54 -0.120594 -29.546436 0.002605 -0.700000 1420000000.000000 9.083362 5.572365 143.109920
J55 0.133839 -29.949846 0.002722 -0.700000 1420000000.000000 8.661941 8.478991 133.903505
J56 -0.210125 -30.336507 0.002941 -0.700000 1420000000.000000 7.827277 5.176932 143.339971
J57 -0.462857 -29.622712 0.002947 -0.700000 1420000000.000000 8.345951 8.093508 175.916812
J58 0.372729 -30.210939 0.002979 -0.700000 1420000000.000000 7.581887 5.352985 161.476933
J59 0.035211 -29.955011 0.003079 -0.700000 1420000000.000000 9.336364 5.208728 128.309879
J60 -0.440338 -30.186096 0.003091 -0.700000 1420000000.000000 9.007027 8.969441 70.878088
J61 -0.159955 -29.802842 0.003093 -0.700000 1420000000.000000 9.993917 9.023634 176.733837
J62 0.477235 -29.863149 0.003289 -0.700000 1420000000.000000 9.590659 8.282674 4.095431
J63 0.279726 -29.857186 0.003402 -0.700000 1420000000.000000 8.432494 5.793109 31.904725
J64 0.009077 -29.847999 0.003408 -0.700000 1420000000.000000 9.823812 8.812560 53.233307
J65 -0.358026 -29.889620 0.003492 -0.700000 1420000000.000000 7.288586 6.171241 122.092697
J66 0.053387 -29.988951 0.003568 -0.700000 1420000000.000000 9.475735 5.308049 172.488092
J67 -0.349342 -29.855940 0.003575 -0.700000 1420000000.000000 8.716933 5.250795 46.954418
J68 0.273292 -29.830364 0.003586 -0.700000 1420000000.000000 7.302700 5.699284 167.020445
J69 0.052360 -29.935439 0.003601 -0.700000 1420000000.000000 6.853938 6.296955 128.526557
J70 0.095908 -29.521127 0.003630 -0.700000 1420000000.000000 9.362209 6.141445 100.967068
J71 0.227018 -29.814058 0.003647 -0.700000 1420000000.000000 9.830759 9.264161 165.013423
J72 0.322900 -29.669477 0.003656 -0.700000 1420000000.000000 8.926018 5.628557 130.437263
J73 0.435433 -30.395777 0.003695 -0.700000 1420000000.000000 9.339675 8.127217 10.052630
J74 0.008618 -30.116136 0.003759 -0.700000 1420000000.000000 7.861652 7.182430 34.678933
J75 -0.025991 -30.374354 0.003790 -0.700000 1420000000.000000 9.392962 7.829780 155.918973
J76 -0.382670 -29.887514 0.003864 -0.700000 1420000000.000000 7.034362 6.167404 123.325862
J77 -0.289929 -30.033287 0.003982 -0.700000 1420000000.000000 8.254997 7.368161 83.509285
J78 0.082564 -29.701099 0.004042 -0.700000 1420000000.000000 9.809638 7.374175 91.522460
J79 0.078392 -29.989787 0.004071 -0.700000 1420000000.000000 9.418880 7.537213 54.503724
J80 -0.139036 -30.215295 0.004074 -0.700000 1420000000.000000 7.495091 5.089176 137.886979
J81 0.323396 -29.623117 0.004107 -0.700000 1420000000.000000 9.002408 6.913049 105.570340
J82 0.183000 -29.564898 0.004109 -0.700000 1420000000.000000 8.796423 7.116124 97.653164
J83 0.419435 -30.129550 0.004144 -0.700000 1420000000.000000 5.743621 5.047428 62.162698
J84 -0.292170 -30.066968 0.004159 -0.700000 1420000000.000000 7.258490 6.574520 152.851511
J85 0.296403 -29.750009 0.004252 -0.700000 1420000000.000000 9.851046 9.538781 152.411914
J86 -0.010816 -30.487363 0.004279 -0.700000 1420000000.000000 8.707343 8.705669 15.713009
J87 -0.180604 -29.941741 0.004311 -0.700000 1420000000.000000 6.923012 5.624263 89.515068
J88 -0.290445 -29.895521 0.004351 -0.700000 1420000000.000000 8.488375 8.312859 124.282762
J89 -0.415761 -30.059577 0.004352 -0.700000 1420000000.000000 9.698363 8.877033 40.376686
J90 -0.448955 -30.173727 0.004372 -0.700000 1420000000.000000 8.376812 6.703118 121.925821
J91 0.032941 -30.211906 0.004377 -0.700000 1420000000.000000 9.029965 5.693455 85.309891
J92 0.114758 -29.597269 0.004392 -0.700000 1420000000.000000 6.701710 5.306991 39.685685
J93 0.493874 -29.597266 0.004470 -0.700000 1420000000.000000 8.882592 5.655151 130.001084
J94 0.441322 -29.560396 0.004563 -0.700000 1420000000.000000 9.333459 7.500765 80.260314
J95 -0.426595 -30.146702 0.004664 -0.700000 1420000000.000000 9.693980 8.365007 161.797198
J96 0.122099 -30.430798 0.004713 -0.700000 1420000000.000000 9.897184 7.051615 52.617029
J97 -0.466631 -30.137861 0.004871 -0.700000 1420000000.000000 7.652688 6.523127 176.318813
J98 -0.205393 -29.517214 0.004946 -0.700000 1420000000.000000 8.473205 5.855421 160.925586
J99 0.189813 -29.543147 0.004960 -0.700000 1420000000.000000 6.626504 5.584537 128.878467
