#format: name ra_d dec_d i spi freq0 emaj_s emin_s pa_d
J0 -0.033438 -29.962506 0.000104 -0.700000 1420000000.000000 0.000000 0.000000 169.424877
J1 0.479259 -30.125298 0.000114 -0.700000 1420000000.000000 0.000000 0.000000 162.880806
J2 0.250670 -30.483873 0.000144 -0.700000 1420000000.000000 0.000000 0.000000 62.356490
J3 0.447801 -30.480054 0.000158 -0.700000 1420000000.000000 0.000000 0.000000 58.167123
J4 -0.166323 -29.996132 0.000160 -0.700000 1420000000.000000 0.000000 0.000000 54.463518
J5 -0.147768 -30.219402 0.000164 -0.700000 1420000000.000000 0.000000 0.000000 100.529839
J6 0.358321 -29.765029 0.000169 -0.700000 1420000000.000000 0.000000 0.000000 34.516164
J7 -0.103509 -30.113792 0.000170 -0.700000 1420000000.000000 0.000000 0.000000 59.799713
J8 0.480453 -29.584623 0.000185 -0.700000 1420000000.000000 0.000000 0.000000 8.884960
J9 -0.390712 -30.440197 0.000195 -0.700000 1420000000.000000 0.000000 0.000000 38.799257
J10 -0.017946 -29.853131 0.000196 -0.700000 1420000000.000000 0.000000 0.000000 1.746903
J11 -0.238750 -30.027921 0.000203 -0.700000 1420000000.000000 0.000000 0.000000 176.820095
J12 -0.183570 -29.704223 0.000216 -0.700000 1420000000.000000 0.000000 0.000000 43.803624
J13 0.145337 -29.917863 0.000217 -0.700000 1420000000.000000 0.000000 0.000000 11.601545
J14 0.074691 -29.942082 0.000221 -0.700000 1420000000.000000 0.000000 0.000000 79.150501
J15 -0.200574 -29.826556 0.000232 -0.700000 1420000000.000000 0.000000 0.000000 131.837953
J16 -0.153896 -30.123208 0.000240 -0.700000 1420000000.000000 0.000000 0.000000 78.220643
J17 -0.091252 -30.079644 0.000284 -0.700000 1420000000.000000 0.000000 0.000000 56.822991
J18 -0.416653 -30.222261 0.000285 -0.700000 1420000000.000000 0.000000 0.000000 57.218147
J19 0.273167 -30.267442 0.000289 -0.700000 1420000000.000000 0.000000 0.000000 52.345998
J20 0.436855 -29.980342 0.000294 -0.700000 1420000000.000000 0.000000 0.000000 13.709760
J21 0.048713 -30.433144 0.000299 -0.700000 1420000000.000000 0.000000 0.000000 154.026224
J22 -0.378721 -30.379131 0.000302 -0.700000 1420000000.000000 0.000000 0.000000 42.886763
J23 -0.329037 -30.372129 0.000315 -0.700000 1420000000.000000 0.000000 0.000000 40.254412
J24 -0.491814 -30.172514 0.000321 -0.700000 1420000000.000000 0.000000 0.000000 102.220315
J25 0.227191 -30.308539 0.000323 -0.700000 1420000000.000000 0.000000 0.000000 81.836344
J26 -0.090695 -29.584149 0.000361 -0.700000 1420000000.000000 0.000000 0.000000 53.275183
J27 0.060773 -30.487088 0.000367 -0.700000 1420000000.000000 0.000000 0.000000 118.471246
J28 -0.342230 -30.308488 0.000382 -0.700000 1420000000.000000 0.000000 0.000000 40.032024
J29 0.247095 -29.584073 0.000383 -0.700000 1420000000.000000 0.000000 0.000000 75.775971
J30 0.390328 -30.149854 0.000387 -0.700000 1420000000.000000 0.000000 0.000000 44.188071
J31 0.360358 -29.897300 0.000423 -0.700000 1420000000.000000 0.000000 0.000000 171.810434
J32 -0.451866 -30.200654 0.000426 -0.700000 1420000000.000000 0.000000 0.000000 52.295922
J33 -0.042751 -29.831187 0.000444 -0.700000 1420000000.000000 0.000000 0.000000 123.104430
J34 0.304373 -29.986874 0.000460 -0.700000 1420000000.000000 0.000000 0.000000 28.794113
J35 0.416950 -30.019491 0.000465 -0.700000 1420000000.000000 0.000000 0.000000 46.743023
J36 0.065170 -30.395755 0.000481 -0.700000 1420000000.000000 0.000000 0.000000 40.126278
J37 0.419770 -30.177496 0.000488 -0.700000 1420000000.000000 0.000000 0.000000 59.896866
J38 0.408117 -29.916103 0.000508 -0.700000 1420000000.000000 0.000000 0.000000 18.029087
J39 -0.018809 -30.063647 0.000514 -0.700000 1420000000.000000 0.000000 0.000000 110.713158
J40 -0.317535 -29.973825 0.000540 -0.700000 1420000000.000000 0.000000 0.000000 149.109831
J41 0.188688 -30.194050 0.000574 -0.700000 1420000000.000000 0.000000 0.000000 2.611657
J42 0.339891 -29.618290 0.000597 -0.700000 1420000000.000000 0.000000 0.000000 32.061860
J43 -0.216675 -29.639023 0.000629 -0.700000 1420000000.000000 0.000000 0.000000 5.041287
J44 -0.135768 -29.653437 0.000639 -0.700000 1420000000.000000 0.000000 0.000000 179.499935
J45 0.267527 -30.169693 0.000642 -0.700000 1420000000.000000 0.000000 0.000000 29.508139
J46 -0.238136 -30.462105 0.000653 -0.700000 1420000000.000000 0.000000 0.000000 117.684108
J47 0.341564 -30.489643 0.000689 -0.700000 1420000000.000000 0.000000 0.000000 24.886703
J48 -0.422847 -30.386595 0.000690 -0.700000 1420000000.000000 0.000000 0.000000 177.267571
J49 0.105503 -29.625506 0.000705 -0.700000 1420000000.000000 0.000000 0.000000 66.959724
J50 0.028853 -30.323209 0.000727 -0.700000 1420000000.000000 0.000000 0.000000 176.729924
J51 -0.037552 -30.255739 0.000782 -0.700000 1420000000.000000 0.000000 0.000000 113.929888
J52 -0.432201 -30.445852 0.000786 -0.700000 1420000000.000000 0.000000 0.000000 44.475593
J53 0.133254 -30.332929 0.000791 -0.700000 1420000000.000000 0.000000 0.000000 74.661669
J54 0.297302 -30.383243 0.000834 -0.700000 1420000000.000000 0.000000 0.000000 167.315706
J55 -0.063727 -29.614172 0.000838 -0.700000 1420000000.000000 0.000000 0.000000 59.809319
J56 0.336628 -29.695853 0.000850 -0.700000 1420000000.000000 0.000000 0.000000 123.234188
J57 0.434058 -29.631322 0.000852 -0.700000 1420000000.000000 0.000000 0.000000 88.966644
J58 0.449295 -29.540988 0.000853 -0.700000 1420000000.000000 0.000000 0.000000 85.297564
J59 -0.102430 -29.615194 0.000853 -0.700000 1420000000.000000 0.000000 0.000000 73.957188
J60 0.250286 -30.023907 0.000873 -0.700000 1420000000.000000 0.000000 0.000000 151.725628
J61 -0.363251 -29.610180 0.000914 -0.700000 1420000000.000000 0.000000 0.000000 96.983724
J62 -0.153175 -30.478627 0.000914 -0.700000 1420000000.000000 0.000000 0.000000 176.707281
J63 0.415567 -29.817198 0.000959 -0.700000 1420000000.000000 0.000000 0.000000 85.564251
J64 0.262562 -30.096253 0.000971 -0.700000 1420000000.000000 0.000000 0.000000 149.624589
J65 0.115094 -29.757427 0.000980 -0.700000 1420000000.000000 0.000000 0.000000 138.066182
J66 -0.133082 -30.202473 0.000982 -0.700000 1420000000.000000 0.000000 0.000000 152.574561
J67 0.475646 -30.146688 0.000998 -0.700000 1420000000.000000 0.000000 0.000000 158.334024
J68 -0.350469 -30.178277 0.001065 -0.700000 1420000000.000000 0.000000 0.000000 72.274827
J69 -0.244508 -29.637875 0.001091 -0.700000 1420000000.000000 0.000000 0.000000 39.003755
J70 0.444101 -30.104942 0.001104 -0.700000 1420000000.000000 0.000000 0.000000 42.972178
J71 -0.112451 -29.706111 0.001139 -0.700000 1420000000.000000 0.000000 0.000000 72.747050
J72 -0.089509 -29.913268 0.001142 -0.700000 1420000000.000000 0.000000 0.000000 85.266442
J73 -0.388945 -29.565040 0.001158 -0.700000 1420000000.000000 0.000000 0.000000 112.766082
J74 0.358517 -29.544376 0.001168 -0.700000 1420000000.000000 0.000000 0.000000 72.935570
J75 0.360452 -29.988607 0.001172 -0.700000 1420000000.000000 0.000000 0.000000 110.180440
J76 0.352115 -30.002023 0.001204 -0.700000 1420000000.000000 0.000000 0.000000 94.924965
J77 -0.393456 -29.824527 0.001213 -0.700000 1420000000.000000 0.000000 0.000000 145.037229
J78 0.249751 -30.431941 0.001224 -0.700000 1420000000.000000 0.000000 0.000000 176.315671
J79 -0.382776 -30.494095 0.001240 -0.700000 1420000000.000000 0.000000 0.000000 10.421448
J80 0.120639 -30.038956 0.001250 -0.700000 1420000000.000000 0.000000 0.000000 111.232518
J81 -0.259685 -30.295230 0.001253 -0.700000 1420000000.000000 0.000000 0.000000 115.587486
J82 0.045953 -30.108596 0.001259 -0.700000 1420000000.000000 0.000000 0.000000 34.598517
J83 -0.374606 -29.777173 0.001279 -0.700000 1420000000.000000 0.000000 0.000000 35.894067
J84 0.149795 -29.811944 0.001287 -0.700000 1420000000.000000 0.000000 0.000000 156.436485
J85 0.264615 -29.797772 0.001302 -0.700000 1420000000.000000 0.000000 0.000000 33.907025
J86 0.294491 -30.274551 0.001315 -0.700000 1420000000.000000 0.000000 0.000000 157.050360
J87 0.171537 -29.861992 0.001359 -0.700000 1420000000.000000 0.000000 0.000000 58.467788
J88 0.339319 -30.171777 0.001382 -0.700000 1420000000.000000 0.000000 0.000000 131.847705
J89 -0.319356 -30.245743 0.001382 -0.700000 1420000000.000000 0.000000 0.000000 176.504439
J90 0.206294 -30.117058 0.001383 -0.700000 1420000000.000000 0.000000 0.000000 101.586045
J91 0.459383 -29.874419 0.001385 -0.700000 1420000000.000000 0.000000 0.000000 133.014798
J92 -0.043446 -29.928575 0.001416 -0.700000 1420000000.000000 0.000000 0.000000 178.192027
J93 -0.380282 -30.223280 0.001439 -0.700000 1420000000.000000 0.000000 0.000000 168.989787
J94 0.374782 -30.439323 0.001442 -0.700000 1420000000.000000 0.000000 0.000000 120.428896
J95 0.252607 -30.062966 0.001450 -0.700000 1420000000.000000 0.000000 0.000000 63.753629
J96 -0.181384 -30.493090 0.001477 -0.700000 1420000000.000000 0.000000 0.000000 41.920478
J97 -0.003395 -30.172975 0.001483 -0.700000 1420000000.000000 0.000000 0.000000 96.419630
J98 -0.265537 -30.345339 0.001483 -0.700000 1420000000.000000 0.000000 0.000000 114.127823
J99 0.127914 -29.980826 0.001496 -0.700000 1420000000.000000 0.000000 0.000000 47.168983
